# transform file /root/data5/OCD_HXY/FREESURFER/HC_002/mri/transforms/cc_up.lta
# created by root on Wed Oct 26 22:00:36 2016

type      = 0 # LINEAR_VOX_TO_VOX
nxforms   = 1
mean      = 129.0000 128.0000 128.0000
sigma     = 10000.0000
1 4 4
9.988206028938293e-01 -4.498970229178667e-03 4.834431409835815e-02 -5.873224258422852e+00 
4.493709653615952e-03 9.999899268150330e-01 2.175018307752907e-04 1.939660835266113e+01 
-4.834480583667755e-02 0.000000000000000e+00 9.988306760787964e-01 2.036979103088379e+01 
0.000000000000000e+00 0.000000000000000e+00 0.000000000000000e+00 1.000000000000000e+00 
src volume info
valid = 1  # volume info valid
filename = /root/data5/OCD_HXY/FREESURFER/HC_002/mri/norm.mgz
volume = 256 256 256
voxelsize = 1.000000000000000e+00 1.000000000000000e+00 1.000000000000000e+00
xras   = -1.000000000000000e+00 0.000000000000000e+00 0.000000000000000e+00
yras   = 0.000000000000000e+00 0.000000000000000e+00 -1.000000000000000e+00
zras   = 0.000000000000000e+00 1.000000000000000e+00 0.000000000000000e+00
cras   = -2.340011596679688e-01 2.795999145507812e+01 -7.110000610351562e+00
dst volume info
valid = 1  # volume info valid
filename = /root/data5/OCD_HXY/FREESURFER/HC_002/mri/norm.mgz
volume = 256 256 256
voxelsize = 1.000000000000000e+00 1.000000000000000e+00 1.000000000000000e+00
xras   = -1.000000000000000e+00 0.000000000000000e+00 0.000000000000000e+00
yras   = 0.000000000000000e+00 0.000000000000000e+00 -1.000000000000000e+00
zras   = 0.000000000000000e+00 1.000000000000000e+00 0.000000000000000e+00
cras   = -2.340011596679688e-01 2.795999145507812e+01 -7.110000610351562e+00
