# transform file transforms/talairach.lta
# created by root on Wed Oct 26 19:09:56 2016

type      = 0 # LINEAR_VOX_TO_VOX
nxforms   = 1
mean      = 129.0000 128.0000 128.0000
sigma     = 10000.0000
1 4 4
1.002352237701416e+00 -3.862620517611504e-02 3.097270429134369e-02 -1.621768116950989e+00 
2.557677775621414e-02 1.124266147613525e+00 2.082602083683014e-01 -4.313496780395508e+01 
-3.744850307703018e-02 -2.072257995605469e-01 9.848762750625610e-01 1.527113819122314e+01 
0.000000000000000e+00 0.000000000000000e+00 0.000000000000000e+00 1.000000000000000e+00 
src volume info
valid = 1  # volume info valid
filename = nu.mgz
volume = 256 256 256
voxelsize = 1.000000000000000e+00 1.000000000000000e+00 1.000000000000000e+00
xras   = -1.000000000000000e+00 0.000000000000000e+00 0.000000000000000e+00
yras   = 0.000000000000000e+00 0.000000000000000e+00 -1.000000000000000e+00
zras   = 0.000000000000000e+00 1.000000000000000e+00 0.000000000000000e+00
cras   = -2.340011596679688e-01 2.795999145507812e+01 -7.110000610351562e+00
dst volume info
valid = 1  # volume info valid
filename = /root/data1/ZLQ/FREESURFER_TUR/freesurfer/average/RB_all_2016-05-10.vc700.gca
volume = 256 256 256
voxelsize = 1.000000000000000e+00 1.000000000000000e+00 1.000000000000000e+00
xras   = -1.000000000000000e+00 0.000000000000000e+00 0.000000000000000e+00
yras   = 0.000000000000000e+00 0.000000000000000e+00 -1.000000000000000e+00
zras   = 0.000000000000000e+00 1.000000000000000e+00 0.000000000000000e+00
cras   = 0.000000000000000e+00 0.000000000000000e+00 0.000000000000000e+00
