# transform file transforms/talairach_with_skull.lta
# created by root on Fri Aug 19 20:06:51 2016

type      = 0 # LINEAR_VOX_TO_VOX
nxforms   = 1
mean      = 130.0000 129.0000 136.0000
sigma     = 10000.0000
1 4 4
1.016523957252502e+00 -2.598828822374344e-02 8.103775978088379e-02 -1.218570423126221e+01 
4.142846912145615e-03 1.239780902862549e+00 3.014688491821289e-01 -6.416303253173828e+01 
-6.900736689567566e-02 -2.675190269947052e-01 1.026220202445984e+00 2.312731552124023e+01 
0.000000000000000e+00 0.000000000000000e+00 0.000000000000000e+00 1.000000000000000e+00 
src volume info
valid = 1  # volume info valid
filename = nu.mgz
volume = 256 256 256
voxelsize = 1.000000000000000e+00 1.000000000000000e+00 1.000000000000000e+00
xras   = -1.000000000000000e+00 0.000000000000000e+00 0.000000000000000e+00
yras   = 0.000000000000000e+00 0.000000000000000e+00 -1.000000000000000e+00
zras   = 0.000000000000000e+00 1.000000000000000e+00 0.000000000000000e+00
cras   = -2.340011596679688e-01 2.795999145507812e+01 -7.110000610351562e+00
dst volume info
valid = 1  # volume info valid
filename = /root/data1/ZLQ/FREESURFER_TUR/freesurfer/average/RB_all_withskull_2016-05-10.vc700.gca
volume = 256 256 256
voxelsize = 1.000000000000000e+00 1.000000000000000e+00 1.000000000000000e+00
xras   = -1.000000000000000e+00 0.000000000000000e+00 0.000000000000000e+00
yras   = 0.000000000000000e+00 0.000000000000000e+00 -1.000000000000000e+00
zras   = 0.000000000000000e+00 1.000000000000000e+00 0.000000000000000e+00
cras   = 0.000000000000000e+00 0.000000000000000e+00 0.000000000000000e+00
